93
7
10
55
90
87
62
73
64
6
35
67
34
55
53
41
23
74
58
77
7
50
99
90
12
96
90
99
5
58
96
24
31
33
24
81
5
76
75
0
55
18
99
83
53
62
46
3
69
33
92
55
75
27
98
23
40
44
99
38
53
88
8
14
34
10
11
24
47
7
64
94
65
45
5
50
78
51
30
66
67
52
25
92
30
88
96
5
36
17
19
1
29
41
1
23
95
90
43
4
54
43
84
5
53
29
41
46
6
58
8
49
24
17
65
29
90
8
33
21
97
52
27
60
75
47
89
42
6
60
40
77
15
68
56
27
68
32
30
81
98
4
9
45
81
43
19
28
90
96
13
94
78
29
7
72
13
26
82
96
18
6
21
0
63
55
54
85
29
12
33
50
64
40
51
82
41
13
5
3
58
15
1
73
72
24
90
47
88
25
80
1
4
10
15
3
76
59
85
94
60
63
50
25
30
23
48
76
21
49
17
0
26
17
56
22
58
84
78
43
13
84
13
92
47
10
46
80
19
41
21
15
23
78
25
94
46
16
76
42
21
45
40
41
62
51
11
84
1
55
61
46
71
60
67
26
15
12
26
38
13
16
27
24
23
89
33
1
62
44
73
4
32
94
29
57
86
20
13
16
9
12
24
34
21
28
13
7
74
81
34
77
0
44
33
64
83
12
52
87
21
65
33
40
94
72
45
36
97
93
22
38
85
46
42
26
89
9
52
46
37
85
55
65
98
30
14
0
84
75
88
47
14
46
95
60
56
63
93
18
1
25
26
49
1
82
49
54
17
22
31
80
7
52
81
91
97
73
95
12
65
58
6
36
35
96
3
65
82
55
58
44
82
56
61
70
15
5
63
95
75
99
78
80
34
54
96
33
35
22
82
19
15
13
53
16
62
74
54
22
7
4
27
49
94
31
44
93
88
53
37
99
82
37
89
76
86
79
20
33
74
40
6
90
97
27
83
90
61
41
51
32
87
90
31
72
34
58
46
5
22
59
7
92
77
12
92
46
84
47
20
46
16
15
3
17
21
54
38
63
47
83
70
27
8
32
65
15
26
23
68
31
45
7
12
73
18
58
80
10
87
13
49
96
40
80
61
95
7
0
23
49
92
39
19
66
75
48
14
37
66
88
72
95
36
33
26
34
56
5
96
13
4
3
47
3
97
38
69
53
0
99
34
34
24
38
7
10
79
64
74
31
94
77
20
88
88
5
47
19
99
41
97
55
51
43
66
23
53
30
30
47
12
1
82
80
14
59
61
35
29
86
44
71
94
61
92
27
40
86
52
72
63
33
25
40
35
38
5
1
79
27
1
52
14
59
80
17
36
79
2
84
12
4
14
47
83
32
22
60
93
18
77
58
52
1
54
91
24
57
26
47
35
58
36
69
22
33
9
4
29
5
68
6
73
15
6
13
99
15
4
50
62
16
77
23
61
33
36
4
23
42
75
59
96
98
89
74
29
59
2
58
5
49
1
21
31
87
89
19
51
25
37
26
40
99
45
45
84
3
33
25
4
90
41
40
56
67
95
38
7
85
74
45
0
20
20
44
48
24
31
36
60
74
97
48
66
16
97
3
84
72
47
24
46
65
11
98
34
26
55
34
43
83
0
26
22
29
66
80
84
94
71
24
8
43
69
51
53
36
53
41
57
66
85
86
54
67
15
33
6
66
28
25
18
81
35
78
47
53
85
52
92
85
90
64
92
36
64
92
57
69
13
68
23
68
11
46
67
27
23
34
92
87
50
33
71
6
8
24
7
99
83
34
91
85
89
42
17
27
34
22
69
48
8
34
15
87
54
61
86
91
76
31
68
34
25
75
31
8
87
8
26
51
56
48
14
97
77
28
57
54
64
39
93
61
51
41
19
98
33
99
22
98
22
82
74
26
90
10
93
97
67
70
40
46
98
70
45
23
65
61
2
49
88
80
54
24
10
91
40
10
0
59
40
91
28
54
10
16
88
76
98
3
45
2
90
99
59
13
47
17
11
45
26
3
16
12
28
52
89
70
62
53
56
66
19
71
19
83
76
63
39
2
1
0
6
73
78
95
46
85
1
81
33
32
79
44
16
21
54
87
28
57
69
82
51
32
36
39
64
93
84
16
7
8
19
53
88
81
93
81
28
62
30
77
9
18
64
29
46
28
93
84
2
24
25
67
7
97
86
17
0
80
46
34
61
69
87
42
83
60
19
41
59
15
94
58
55
91
32
5
32
16
80
2
4
72
63
96
96
52
94
30
82
17
94
73
84
37